[Basic]
sMirror1PosList=38.80,76.20,27.10;38.80,92.10,27.10;38.80,76.20,38.50;38.80,92.10,38.30
sMirror2PosList=38.80,84.20,27.10;38.80,100.00,27.20;38.80,84.10,38.30;38.80,100.10,38.50
sMirror1PlanePosList=95.35,48.90,19.50;95.30,48.90,13.20;95.30,55.35,16.30
sMirror2PlanePosList=92.25,56.20,15.00;92.25,63.30,18.00;92.25,63.30,12.00
sMirror0PlanePosList=92.20,29.35,6.50;92.20,31.40,6.50;92.20,31.40,18.00;92.20,29.35,18.00
Mirror1CaliPos=30.00,47.00,50.00
Mirror2CaliPos=35.50,47.00,50.00
Mirror0CaliPos=0,0,0
Mirror1PutPos=122.20,9.50,35.40
Mirror2PutPos=119.20,16.90,34.00
sMirror1JamedPosList=77.00,18.30,9.40;75.00,18.30,9.40;79.50,12.70,9.60;73.50,12.70,9.60
sMirror2JamedPosList=78.00,20.10,7.50;76.00,20.10,7.50;80.50,26.20,7.30;74.70,26.20,7.30
ShadowPos=36.00,21.00,27.00
sMirror1UVPosList=0,0,0
sMirror2UVPosList=0,0,0
DispensingInitialTime=3000
InitialDispensingPos=0,0,0
ShadowPosUp=61.70,19.50,5.70
sMirror0PlaneHeightPosList=29.35,6.50,0.301472673762751;31.40,6.50,0.299958750831678;31.40,18.00,0.282933811613751;29.35,18.00,0.282472956044878
sMirrorAdjDeepLength=4250
sMirrorPutAdjDeepLength=3179
sMirrorAdjBackLength=-6000
sMirrorAdjDeep2Length=4400
sMirrorPutAdjDeep2Length=2243
Offset_LEAttract=-26.1318695040431
Mirror1_Offset_Adj=0.0396
Mirror2_Offset_Adj=-0.0699
LEPos=92.30,30.20,12.70
AttractPos=118.80,-6.50,33.50
Offset_ModuleZ=0
sMirrorTestDispensingPosList=37.00,21.00,20.70;33.00,21.00,20.70
sMirrorTestDispensingReady=37.00,21.00,18.00
sMirror1ReadyPos=69.00,18.20,5.70
sMirror2ReadyPos=69.00,20.30,5.70
sMirror1ToMirror2ReadyPos=90.00,56.00,12.00
[FilePath]
CfgPath=D:\JETEAZY\PROJECT-DISPENSING\WORK\H4UY SN-104120123001.dcfg
HWCPath=D:\JETEAZY\PROJECT-DISPENSING\WORK\H4UY SN-104120123001.hwc
[Other]
IsUseMeasureHeight=1
DispensingMsTime=700
DispensingUpDelayTime=4000
[DX1]
sDispensingX1_1PosList=
sDispensingX1_2PosList=
GetPos1=0
GetPos2=0
PutPos1=0
PutPos2=0
UVWorkPos=0
SafePosReady=
DispendingPosReady=
